11 476
322 401
0 0
322 0
0 238
322 238
0 476
322 476
162 412
89 220
182 325
100 228
193 329
49 313
46 297
43 281
41 266
40 250
40 234
40 217
90 228
253 197
258 230
256 214
259 261
259 246
59 344
259 277
209 214
144 214
148 256
146 235
162 189
176 282
160 219
170 218
120 194
82 194
179 338
117 278
160 342
173 256
99 217
130 222
158 323
127 319
157 317
147 316
133 323
189 207
190 219
162 199
108 324
152 293
200 217
216 200
255 326
203 316
180 219
190 212
223 381
180 197
100 221
258 310
99 392
104 205
120 223
121 205
116 325
72 215
133 329
139 341
123 334
259 294
59 223
149 277
200 183
53 329
199 197
100 221
179 183
232 204
219 188
144 412
128 407
113 400
102 191
87 382
76 371
66 358
87 209
66 204
199 209
185 271
180 320
165 286
127 286
139 289
125 261
168 314
185 315
196 318
81 227
197 402
211 392
181 409
242 355
249 341
110 217
233 369
110 225
159 330
179 211
190 212
