10 476
322 425
0 0
322 0
0 238
322 238
0 476
322 476
159 383
80 160
186 305
93 183
199 311
34 260
30 243
27 225
25 207
24 189
23 171
24 153
79 179
289 150
289 186
290 168
284 221
287 203
47 294
281 238
244 169
156 169
157 227
157 198
180 144
184 266
174 176
190 175
128 146
84 130
182 324
122 257
158 331
185 234
97 156
139 177
158 309
121 298
158 300
146 297
127 305
219 157
221 180
182 151
96 296
159 277
235 176
246 135
267 290
214 294
204 178
220 166
225 346
204 145
96 169
274 273
93 348
103 148
124 177
125 155
105 298
60 141
127 307
132 326
113 313
278 255
39 139
158 256
223 128
40 278
225 139
96 169
201 135
268 132
246 125
138 380
121 372
106 361
107 136
80 336
67 323
56 309
82 143
60 130
234 160
194 256
187 304
172 270
133 267
145 271
130 235
170 297
192 296
205 296
68 171
197 371
212 360
179 380
249 320
259 306
113 163
238 334
110 181
158 312
202 163
220 166
