0 0
322 0
0 238
322 238
0 476
322 476
150 416
82 224
167 335
93 233
177 341
60 305
57 290
54 275
52 261
50 246
50 231
50 216
83 232
258 203
261 236
260 220
261 269
262 252
69 333
260 286
212 222
139 221
140 266
140 243
159 205
164 299
156 227
173 226
116 209
81 200
163 349
112 297
146 352
165 273
93 221
125 229
145 337
119 333
144 330
134 328
125 337
192 215
193 227
160 214
106 339
142 306
203 225
213 209
251 335
189 333
183 226
194 220
214 389
177 209
94 226
256 319
98 385
98 214
114 230
115 218
112 339
67 217
125 339
129 351
117 347
258 303
53 220
140 288
195 196
64 319
195 208
94 226
176 198
229 211
215 198
133 414
119 407
108 397
100 203
90 373
82 361
75 347
82 215
64 205
202 217
173 293
166 334
153 302
121 302
131 304
119 276
154 327
172 329
182 333
73 230
185 409
201 400
169 415
236 365
244 350
104 223
225 378
104 231
145 338
181 218
194 220
