0 0
296 0
0 220
296 220
0 440
296 440
164 400
59 145
218 363
60 168
224 374
29 273
12 248
9 218
9 187
18 161
24 134
34 107
51 161
238 91
273 151
253 114
263 219
269 190
72 329
254 248
228 139
132 156
141 213
136 184
172 135
201 275
185 155
195 151
102 133
85 122
197 374
78 264
159 362
199 206
70 143
97 167
163 349
102 366
157 335
137 347
131 366
207 131
210 153
174 147
88 362
150 303
219 148
194 118
238 327
232 348
202 153
205 139
219 388
185 139
69 151
241 301
105 394
86 142
82 167
98 147
114 369
68 125
111 377
129 377
103 389
245 275
61 117
147 250
188 120
54 295
192 132
69 151
180 128
199 98
191 111
147 400
132 398
118 396
92 128
93 385
86 374
81 361
77 135
81 116
216 132
218 231
189 362
175 292
104 286
129 301
91 228
175 344
211 355
203 363
46 155
193 398
204 397
176 399
232 364
234 347
80 150
227 379
69 170
158 349
201 133
205 139
